# id	left	top	right	bottom	texture_id
[SPRITES]
6100001	33	171	49	195	30
6100002	57	171	73	195	30
6100021	81	171	97	195	30
6100022	105	171	121	195	30
6100011	599	171	615	195	30
6100012	575	171	591	195	30
6100031	551	171	567	195	30
6100032	527	171	543	195	30

6100061	144	166	160	182	30
6100062	124	166	139	182	30
6100063	144	186	97	204	30
6100064	124	186	121	204	30
6100071	487	166	504	182	30
6100072	508	166	524	182	30
6100073	487	186	504	204	30
6100074	508	186	524	204	30

# ani_id	sprite1_id	time1	sprite2_id	time2	...
[ANIMATIONS]
6100000	6100021	300	6100022	300
6100020	6100021	300	6100022	300
6100010	6100011	300	6100012	300
6100030	6100031	300	6100032	300
6100060	6100061	300	6100062	300	6100063	300	6100064	300
6100070	6100071	300	6100072	300	6100073	300	6100074	300
6100040	6100061	300
6100050	6100071	300