# id	left	top	right	bottom	texture_id
[SPRITES]
#WALK LEFT (16, 26)
1001000	28	119	44	145	30
1001001	47	118	63	145	30

#WALK RIGHT (16, 26)
1001100	604	119	620	145	30
1001101	585	118	601	145	30

#SHELL
## Out of time  (22, 16)
1001210	26	149	48	165	30
1001211	67	127	89	143	30
1001212	71	127	93	143	30

## Shell mode (18, 16)
1001200 71	127	89	143	30
1001201	28	149	45	165	30
1001202	50	148	66	164	30
1001203	71	148	87	164	30

## Paratroop
#Fly Left
1003000	105	130	121	156	30
1003001	126	130	142	156	30
1003002	147	129	163	156	30

#Fly Right
1003101	527	130	543	156	30
1003102	506	130	522	156	30
1003103	485	129	501	156	30

# ani_id	sprite1_id	time1	sprite2_id	time2	...
[ANIMATIONS]
#WALK LEFT
1001000	1001000	100	1001001	100

#WALK RIGHT
1001100	1001100	100	1001101	100

#SHELL_IDLE
1001200	1001201	100

#KOOPA_STATE_SHELL_IDLE_OUT_TIME
1001210	1001210	100	1001211	25	1001212	25	1001211	25	1001212	25	1001211	25	1001212	25	1001211	25	1001212	25	1001211	25	1001212	25	1001211	25	1001212	25	1001211	25	1001212	25

#KOOPA_STATE_SHELL_IDLE_OUT_TIME_HOLD
1001211	1001200 100

#SHELL_MOVE
1001300	1001201	50	1001202	50	1001203	50

#PARATROOPA_LEFT
1003000	1003000	100	1003001	100	1003002	100

#PARATROOPA_RIGHT
1003100	1003101	1OO	1003102	100	1003103	100

