# id	left	top	right	bottom	texture_id
[SPRITES]
#WALK LEFT (16, 26)
1000000	28	67	44	93	30
1000001	47	66	63	93	30

#WALK RIGHT (16, 26)
1000100	604	67	620	93	30
1000101	585	66	601	93	30

#SHELL (20, 16)
1000200	71	75	89	91	30
1000201	28	97	45	113	30
1000202	50	96	66	112	30
1000203	71	96	87	112	30

# ani_id	sprite1_id	time1	sprite2_id	time2	...
[ANIMATIONS]
#WALK LEFT
1000000	1000000	100	1000001	100

#WALK RIGHT
1000100	1000100	100	1000101	100

#SHELL_IDLE
1000200	1000200	100

#SHELL_MOVE
1000300	1000200	50	1000201	50	1000202	50	1000203	50
